Trial 1:
Utilities after taking step (1,1)
+0.000000   +0.000000   +0.000000   +0.000000   
+0.000000   +0.000000   +0.000000   +0.000000   
-0.040000   +0.000000   +0.000000   +0.000000   
Utilities after taking step (1,2)
+0.000000   +0.000000   +0.000000   +0.000000   
-0.040000   +0.000000   +0.000000   +0.000000   
-0.080000   +0.000000   +0.000000   +0.000000   
Utilities after taking step (1,3)
-0.040000   +0.000000   +0.000000   +0.000000   
-0.080000   +0.000000   +0.000000   +0.000000   
-0.080000   +0.000000   +0.000000   +0.000000   
Utilities after taking step (1,2)
-0.120000   +0.000000   +0.000000   +0.000000   
-0.080000   +0.000000   +0.000000   +0.000000   
-0.080000   +0.000000   +0.000000   +0.000000   
Utilities after taking step (1,3)
-0.120000   +0.000000   +0.000000   +0.000000   
-0.158689   +0.000000   +0.000000   +0.000000   
-0.080000   +0.000000   +0.000000   +0.000000   
Utilities after taking step (2,3)
-0.080656   -0.040000   +0.000000   +0.000000   
-0.158689   +0.000000   +0.000000   +0.000000   
-0.080000   +0.000000   +0.000000   +0.000000   
Utilities after taking step (3,3)
-0.080656   -0.080000   -0.040000   +0.000000   
-0.158689   +0.000000   +0.000000   +0.000000   
-0.080000   +0.000000   +0.000000   +0.000000   
Utilities after taking step (4,3)
-0.080656   -0.080000   +0.960000   +1.00000   
-0.158689   +0.000000   +0.000000   +0.000000   
-0.080000   +0.000000   +0.000000   +0.000000   
Trial 2:
Utilities after taking step (1,1)
-0.080656   -0.080000   +0.960000   +1.00000   
-0.158689   +0.000000   +0.000000   +0.000000   
-0.080000   +0.000000   +0.000000   +0.000000   
Utilities after taking step (1,2)
-0.080656   -0.080000   +0.960000   +1.00000   
-0.158689   +0.000000   +0.000000   +0.000000   
-0.196743   +0.000000   +0.000000   +0.000000   
Utilities after taking step (1,3)
-0.080656   -0.080000   +0.960000   +1.00000   
-0.121883   +0.000000   +0.000000   +0.000000   
-0.196743   +0.000000   +0.000000   +0.000000   
Utilities after taking step (2,3)
-0.118731   -0.080000   +0.960000   +1.00000   
-0.121883   +0.000000   +0.000000   +0.000000   
-0.196743   +0.000000   +0.000000   +0.000000   
Utilities after taking step (3,3)
-0.118731   0.903607   +0.960000   +1.00000   
-0.121883   +0.000000   +0.000000   +0.000000   
-0.196743   +0.000000   +0.000000   +0.000000   
Utilities after taking step (2,3)
-0.118731   0.903607   0.865187   +1.00000   
-0.121883   +0.000000   +0.000000   +0.000000   
-0.196743   +0.000000   +0.000000   +0.000000   
Utilities after taking step (3,3)
-0.118731   0.827716   0.865187   +1.00000   
-0.121883   +0.000000   +0.000000   +0.000000   
-0.196743   +0.000000   +0.000000   +0.000000   
Utilities after taking step (4,3)
-0.118731   0.827716   0.956942   +1.00000   
-0.121883   +0.000000   +0.000000   +0.000000   
-0.196743   +0.000000   +0.000000   +0.000000   
Trial 3:
Utilities after taking step (1,1)
-0.118731   0.827716   0.956942   +1.00000   
-0.121883   +0.000000   +0.000000   +0.000000   
-0.196743   +0.000000   +0.000000   +0.000000   
Utilities after taking step (2,1)
-0.118731   0.827716   0.956942   +1.00000   
-0.121883   +0.000000   +0.000000   +0.000000   
-0.083766   -0.040000   +0.000000   +0.000000   
Utilities after taking step (3,1)
-0.118731   0.827716   0.956942   +1.00000   
-0.121883   +0.000000   +0.000000   +0.000000   
-0.083766   -0.080000   -0.040000   +0.000000   
Utilities after taking step (3,2)
-0.118731   0.827716   0.956942   +1.00000   
-0.121883   +0.000000   -0.040000   +0.000000   
-0.083766   -0.080000   -0.080000   +0.000000   
Utilities after taking step (4,2)
-0.118731   0.827716   0.956942   +1.00000   
-0.121883   +0.000000   -1.040000   -1.00000   
-0.083766   -0.080000   -0.080000   +0.000000   
Trial 1:
Utilities after taking step (1,1)
+0.000000   +0.000000   +0.000000   +0.000000   
+0.000000   +0.000000   +0.000000   +0.000000   
-0.040000   +0.000000   +0.000000   +0.000000   
Utilities after taking step (1,2)
+0.000000   +0.000000   +0.000000   +0.000000   
-0.040000   +0.000000   +0.000000   +0.000000   
-0.080000   +0.000000   +0.000000   +0.000000   
Utilities after taking step (1,3)
-0.040000   +0.000000   +0.000000   +0.000000   
-0.080000   +0.000000   +0.000000   +0.000000   
-0.080000   +0.000000   +0.000000   +0.000000   
Utilities after taking step (1,2)
-0.120000   +0.000000   +0.000000   +0.000000   
-0.080000   +0.000000   +0.000000   +0.000000   
-0.080000   +0.000000   +0.000000   +0.000000   
Utilities after taking step (1,3)
-0.120000   +0.000000   +0.000000   +0.000000   
-0.158689   +0.000000   +0.000000   +0.000000   
-0.080000   +0.000000   +0.000000   +0.000000   
Utilities after taking step (2,3)
-0.080656   -0.040000   +0.000000   +0.000000   
-0.158689   +0.000000   +0.000000   +0.000000   
-0.080000   +0.000000   +0.000000   +0.000000   
Utilities after taking step (3,3)
-0.080656   -0.080000   -0.040000   +0.000000   
-0.158689   +0.000000   +0.000000   +0.000000   
-0.080000   +0.000000   +0.000000   +0.000000   
Utilities after taking step (4,3)
-0.080656   -0.080000   +0.960000   +1.00000   
-0.158689   +0.000000   +0.000000   +0.000000   
-0.080000   +0.000000   +0.000000   +0.000000   
Trial 2:
Utilities after taking step (1,1)
-0.080656   -0.080000   +0.960000   +1.00000   
-0.158689   +0.000000   +0.000000   +0.000000   
-0.080000   +0.000000   +0.000000   +0.000000   
Utilities after taking step (1,2)
-0.080656   -0.080000   +0.960000   +1.00000   
-0.158689   +0.000000   +0.000000   +0.000000   
-0.196743   +0.000000   +0.000000   +0.000000   
Utilities after taking step (1,3)
-0.080656   -0.080000   +0.960000   +1.00000   
-0.121883   +0.000000   +0.000000   +0.000000   
-0.196743   +0.000000   +0.000000   +0.000000   
Utilities after taking step (2,3)
-0.118731   -0.080000   +0.960000   +1.00000   
-0.121883   +0.000000   +0.000000   +0.000000   
-0.196743   +0.000000   +0.000000   +0.000000   
Utilities after taking step (3,3)
-0.118731   0.903607   +0.960000   +1.00000   
-0.121883   +0.000000   +0.000000   +0.000000   
-0.196743   +0.000000   +0.000000   +0.000000   
Utilities after taking step (2,3)
-0.118731   0.903607   0.865187   +1.00000   
-0.121883   +0.000000   +0.000000   +0.000000   
-0.196743   +0.000000   +0.000000   +0.000000   
Utilities after taking step (3,3)
-0.118731   0.827716   0.865187   +1.00000   
-0.121883   +0.000000   +0.000000   +0.000000   
-0.196743   +0.000000   +0.000000   +0.000000   
Utilities after taking step (4,3)
-0.118731   0.827716   0.956942   +1.00000   
-0.121883   +0.000000   +0.000000   +0.000000   
-0.196743   +0.000000   +0.000000   +0.000000   
Trial 3:
Utilities after taking step (1,1)
-0.118731   0.827716   0.956942   +1.00000   
-0.121883   +0.000000   +0.000000   +0.000000   
-0.196743   +0.000000   +0.000000   +0.000000   
Utilities after taking step (2,1)
-0.118731   0.827716   0.956942   +1.00000   
-0.121883   +0.000000   +0.000000   +0.000000   
-0.083766   -0.040000   +0.000000   +0.000000   
Utilities after taking step (3,1)
-0.118731   0.827716   0.956942   +1.00000   
-0.121883   +0.000000   +0.000000   +0.000000   
-0.083766   -0.080000   -0.040000   +0.000000   
Utilities after taking step (3,2)
-0.118731   0.827716   0.956942   +1.00000   
-0.121883   +0.000000   -0.040000   +0.000000   
-0.083766   -0.080000   -0.080000   +0.000000   
Utilities after taking step (4,2)
-0.118731   0.827716   0.956942   +1.00000   
-0.121883   +0.000000   -1.040000   -1.00000   
-0.083766   -0.080000   -0.080000   +0.000000   
